image: /home/kist/map/map.pgm
resolution: 0.030000
origin: [-61.454990, -61.454990, 0.000000]
negate: 0
occupied_thresh: 0.65
free_thresh: 0.196

